# WASP
WASP-158 2454650.9830  3.656305  3.74 00 16 35.09 -10 58 34.9 # 12.05 Low Dec
WASP-157 2455080.45887 3.9516578 1.97 13 26 37.24 -08 19 03.2 # 12.91
WASP-156 2455049.81287 3.8361455 2.40 02 11 07.61 +02 25 04.8 # 11.57 WAR
WASP-153 2454765.51803 9.9979643 3.60 18 37 02.97 +40 01 07.4 # 12.79 WAR
WASP-151 2454989.19093 4.5333962 3.60 23 16 15.22 +00 18 24.5 # 12.87 WAR
WASP-168 2455886.664 5.1479 5.1643 01 09 53.96 +25 40 54.0 # 10.3
1SWASPJ223531.77+395359.0us 2454013.160939 1.246368060 1.67 22 35 31.77 +39 53 59.0 # 10.78 DJAB and JPA
1SWASPJ170120.91+413118.5   2455376.455756 3.76141     3.6  17 01 20.91 +41 31 18.5 # 10.05 G8 DJAB and JPA
# EBLM
# discontinued
# 1SWASPJ172302.43+200000.6     2456720.39555 0.8588467 1.35 17 23 02.43 +20 00 00.6 # 11.3 PLANET CANDIDATE FROM EBLMS
# 1SWASPJ235048.80+440127.4hp   2454378.75859 0.815253  1.60 23 50 48.80 +44 01 27.4 # 12.01  K2
# 1SWASPJ004936.10+354240.2     2454907.33623 0.9315597 1.51 00 49 36.10 +35 42 40.2 # 12.86  K1
# 1SWASPJ033402.42+434543.5     2454393.74840 0.4582753 1.69 03 34 02.42 +43 45 43.5 # 11.92  K5
# 1SWASPJ193024.15+493107.3     2454230.81320 0.5276766 1.69 19 30 24.15 +49 31 07.3 # BLEND?
#1SWASPJ174448.25+230056.0     2453379.24058 0.720373  1.82 17 44 48.25 +23 00 56.0 # 11.42  K0
1SWASPJ002851.29+372107.6     2453176.91138 0.912960  5.00 00 28 51.29 +37 21 07.6 # 10.41  K4 Planet cand from eblms
1SWASPJ004804.21+202258.8     2455205.99807 1.8286932 4.06 00 48 04.21 +20 22 58.8 # 
1SWASPJ004936.10+354240.2_2nd 2454907.80202 0.9315597 1.51 00 49 36.10 +35 42 40.2 # 12.86  K1 -- SECONDARY
1SWASPJ023134.38+342208.1     2453603.50431 4.076739  4.50 02 31 34.38 +34 22 08.1 # 11.10  F7
1SWASPJ030809.52+160351.0     2453987.68580 0.9685326 1.94 03 08 09.52 +16 03 51.0 # 12.89  K0
1SWASPJ035945.41+225451.1     2453216.23789 0.710994  4.00 03 59 45.41 +22 54 51.1 # 11.58  F5
1SWASPJ035947.25+072147.9     2454802.46333 1.822655  2.90 03 59 47.25 +07 21 47.9 # 12.62  G1 -- VERY HIGH PRIORITY
1SWASPJ035947.25+072147.9n    2454802.46333 1.82272025  2.90 03 59 47.25 +07 21 47.9 # 12.62  G1 -- VERY HIGH PRIORITY - refined
1SWASPJ041425.87-100004.2     2454721.73016 0.869822  5.00 04 14 25.87 -10 00 04.2 # 11.04  K1
1SWASPJ051103.10+023016.9     2454986.14526 0.5350526 2.43 05 11 03.10 +02 30 16.9 # 12.88  K4
1SWASPJ123805.87+220605.8     2453945.58094 0.664888  1.10 12 38 05.87 +22 06 05.8 # 10.73  K3
1SWASPJ173546.68+361147.8     2454822.01214 2.319757  1.82 17 35 46.68 +36 11 47.8 # 13.29  K5 Large planet candidate
1SWASPJ173618.31+095522.0     2453186.04333 4.480964  3.92 17 36 18.31 +09 55 22.0 # 11.99  G2 BD CANDIDATE
1SWASPJ175143.72+205953.9     2453236.53526 3.0700053 3.50 17 51 43.72 +20 59 53.9 # 11.68  K5
1SWASPJ181113.70+291348.0     2454911.95147 4.3990992 4.50 18 11 13.70 +29 13 48.0 # 11.77  F7
1SWASPJ203422.12+433422.3     2454249.7052  0.776941  2.30 20 34 22.12 +43 34 22.2 # 10.9 K5
1SWASPJ221510.80+025913.8lp   2454630.4621  19.009186 4.00 22 15 10.80 +02 59 13.8 # 11.93  F6
1SWASPJ230829.73+172019.6hp   2454073.86798 1.4605891 2.41 23 08 29.73 +17 20 19.6 # 12.86  K1
1SWASPJ235048.80+440127.4_2nd 2454379.16622 0.815253  1.60 23 50 48.80 +44 01 27.4 # 12.01  K2 -- SECONDARY
# MASCARA
HD185603 2457058.42988 3.47410522967 3.467 19 38 38.7344 +31 13 09.211
# NGTS North Cands
NG2132+0248.26172 2457502.533403 2.73792 2.41 21 28 11.9 02 23 42.07
NG2132+0248.27823 2457500.198507 0.71109 1.68 21 37 17.0 02 19 37.00
NG2132+0248.39184 2457504.836100 7.51557 3.62 21 31 17.3 01 26 28.76
NG2142+0826.10733 2457504.771481 8.37696 3.62 21 37 29.0 09 06 26.22
NG2058-0248.12833 2457500.547014 3.32266 2.42 20 57 29.9 -02 04 53.43
NG2058-0248.24366 2457509.655301 19.13486 3.30 21 01 49.3 -02 39 47.11
NG2058-0248.37257 2457503.260382 4.61115 3.88 20 56 24.4 -03 19 25.39
NG2047-0248.44799 2457502.317859 9.05599 6.89 20 45 37.6 -03 12 54.68
NG2132+0248.01533 2457504.318692 5.05357 1.99 21 31 02.1 04 06 20.03 
NG2058-0248.03718 2457500.210694 0.57793 1.56 20 53 29.3 -01 37 03.73 
