#Transiting planet positions and epochs
#(comment out those not needed)
#(also a good idea to check alongside transitsearch.org to check consistancy)
#
# name epoch/HJD period/days duration/hrs RA Dec comments
#
J16264608 2454778.54820   2.1746685   2.67  16 26 46  +51 02 28
J14592949 2455693.64253   4.5413561   4.229 14 59 29  +46 57 36
J14592949_new 2455693.64467   4.542095   4.229 14 59 29  +46 57 36
J23261913 2454022.63508   3.0196614   3.51  23 26 19  +38 33 10 
J00375011 2454379.92712   2.7325614   1.93  00 37 50  +51 17 19 
J02593542 2456594.85613   0.80055151  2.4   02 59 35  +49 46 12
J02593542_2nd 2456595.25641  0.80055151  2.4   02 59 35  +49 46 12 # secondary eclipse
J16563132 2454946.59389   8.8036879   3.1   16 56 31  +44 18 09 
J17370314_ST  2454942.65177   5.644161  2.6415  17 37 03  +53 01 16.4      # V=12.03
J17370314_LT  2454942.65177   5.6441739 5.3     17 37 03 +53 01 16
J17490840 2454660.62916   1.4013793   1.5   17 49 08  +29 52 45
HD189733  2453988.80336   2.218573    1.83  20 00 43  +22 42 39
HD209458  2452826.62852   3.524748    3.07  22 03 10  +18 53 04
HD149026  2454456.78761   2.875891    3.24  16 30 29  +38 20 50  #only 0.003mag transit depth!
HD17156   2454459.69987   21.21663    3.21  02 49 44  +71 45 12
HD80606   2454987.7842    111.4374    11.63 09 22 37  +50 36 13
#
GJ-436    2454222.6157    2.643901    1.03  11 42 11  +26 42 37  #shallow - only ~0.6%
GJ-1214   2454964.94421   1.580392    0.87  17 15 19  +04 57 50
#
CoRoT-9   2454603.3447    95.2738     8.08  18 43 08.81	+06 12 15.19  
#
WASP-1    2453151.486     2.51997     3.77  00 20 40  +31 59 24
WASP-2    2453991.5146    2.152226    1.80  20 30 54  +06 25 46
WASP-3    2454143.8503    1.846834    2.28  18 34 32  +35 39 42
WASP-10   2454357.85803   3.09272     2.13  23 15 58  +31 27 47
WASP-11   2454729.90631   3.722469    2.65  03 09 28  +30 40 26
WASP-12   2454508.97682   1.09142245  2.93  06 30 32  +29 40 20
WASP-13   2454491.6161    4.35298     3.88  09 20 24  +33 52 57
WASP-14   2454463.57583   2.243752    3.06  14 33 06  +21 53 41
WASP-18   2454610.30164   0.941452507 2.00  01 37 25 -45 40 40
WASP-21   2454743.04185   4.322541    3.36  23 09 58.23	+18 23 46.0
WASP-21n  2454928.91099   4.3225000   3.36  23 09 58.23 +18 23 46.0
WASP-24   2455062.64961   2.3412073   2.64  15 08 52  +02 20 36
WASP-27   2454875.28938   4.627669    2.18  17 20 28  +38 14 31  #grazing!
WASP-28   2455116.5573    3.408821    3.04  23 34 27.87	-01 34 48.2
WASP-32   2455151.0546    2.718659    2.42  00 15 50.81	+01 12 02.0
WASP-33   2454163.22373   1.2198669   2.72  02 26 51.08	+37 33 02.5
WASP-35   2455531.47907   3.161575    3.07  05 04 19.56	-06 13 47.2
WASP-37   2455338.6189    3.577471    3.14  14 47 46.62	+01 03 53.4
WASP-38   2455335.9205    6.871815    4.66  16 15 50.38	+10 01 57.70
WASP-39   2455342.9688    4.055259    2.80  14 29 18.43	-03 26 40.20
WASP-43   2455528.86774   0.813475    1.16  10 19 38.01	-09 48 21.9
WASP-44   2455434.376     2.4238039   2.25  00 15 36.76	-11 56 17.4
WASP-48   2455364.55043   2.143634    3.18  19 24 38.97	+55 28 23.8
WASP-52   2455370.23478   1.74978216  8.775 23 13 58.76 +08 45 40.6
WASP-57   2455028.01597   2.8389682   2.33  14 55 16.84 -02 03 27.5
WASP-76   2456107.85507   1.809886    3.683 01 46 31.86 +02 42 02.0
WASP-86   2454970.37188   5.03153637  5.27  17 50 33.71 +36 34 12.7	
WASP-92   2456461.74547   2.17467579  2.67  16 26 46.08 +51 02 28.2
WASP-102  2456461.8211    2.7098102   2.92  22 25 51.44 +15 51 24.5
WASP-103  2455333.2074    0.925587    2.32  16 37 15.59 +07 11 00.0
WASP-103_new 2456459.5974 0.925579    2.32  16 37 15.59 +07 11 00.0
WASP-104  2454503.2519    1.755411    1.50  10 42 24.61 +07 26 06.3 
WASP-113  2456706.543453  4.5421717   4.229 14 59 29.0  +46 57 36.0
WASP-114  2456412.18881   1.5487753   2.70  21 50 39.74 +10 27 46.9
WASP-115  2456802.15590   3.18563533  1.60  21 56 24.39 +20 40 40.7
WASP-115n  2456802.15590   3.18563659  1.60  21 56 24.39 +20 40 40.7
WASP-115n_2nd  2456803.74871829   3.18563659  1.60  21 56 24.39 +20 40 40.7
WASP-116  2456602.85035   6.61319545  4.82  02 20 51.75 -01 49 33.7
WASP-118  2454663.6512    4.045977    4.84  01 18 12.12 +02 42 10.2
WASP-125  2454124.50466   2.989587    2.5   10 28 15.06 +25 34 24.9
WASP-127  2455151.34994   4.1779436   3.62  10 42 14.08 -03 50 06.3
WASP-134  2454958.59681   10.1469569  5.07  21 50 16.77 +04 11 40.3
#
XO-1      2453887.74679   3.941534    3.00  16 02 12  +28 10 11
XO-2      2454466.88467   2.615864    2.70  07 48 07  +50 13 33
XO-3      2454864.76684   3.191528    2.88  04 21 53  +57 49 02
XO-4 	  2454485.9322    4.12502     4.40  07 21 33  +58 16 05
XO-5      2454485.6664    4.187732    3.22  07 46 52  +39 05 41
#
HAT-P-1   2453984.397     4.46529     2.66  22 57 47  +38 40 30
HAT-P-2   2454212.8564    5.63341     4.25  16 20 36  +41 02 53
HAT-P-3   2454218.7594    2.899738    2.06  13 44 23  +48 01 43
HAT-P-4   2454245.8154    3.056536    4.23  15 19 58  +36 13 47
HAT-P-5   2454241.77663   2.788491    2.92  18 17 37  +36 37 17
HAT-P-6   2454035.67575   3.85298     3.38  23 39 06  +42 27 58
HAT-P-7   2453790.2593    2.2047299   4.05  19 28 59  +47 58 10	
HAT-P-8   2454437.67582   3.07632     3.60  22 52 10  +35 26 50
HAT-P-9   2454417.9077    3.92289     3.43  07 20 40  +37 08 26
HAT-P-11  2454605.89132   4.887804    2.30  19 50 50  +48 04 49
HAT-P-12  2454419.19556   3.213059    2.34  13 57 33  +43 29 37
HAT-P-13  2454779.92979   2.91626     3.23  08 39 32  +47 21 08
HAT-P-14  2454875.28938   4.627669    2.19  17 20 28  +38 14 32
HAT-P-15  2454638.56019   10.863502   5.48  04 24 59.55  +39 27 38.17
HAT-P-16  2455027.59293   2.77596     3.07  00 38 17.59  +42 27 47.2
HAT-P-17  2454801.16945   10.338523   4.06  21 38 08.87  +30 29 22.2
HAT-P-18  2454715.02174   5.508023    2.71  17 05 23.13  +33 00 46.8
HAT-P-19  2455091.53417   4.008778    2.84  00 38 04.07  +34 42 42.2
HAT-P-20  2455080.92661   2.875317    1.85  07 27 39.89  +24 20 14.7
HAT-P-21  2454996.41312   4.124481    3.67  11 25 05.97  +41 01 40.4
HAT-P-22  2454930.22001   3.21222     2.87  10 22 43.73  +50 07 41.1
HAT-P-23  2454852.26464   1.212884    2.18  20 24 29.73  +16 45 44.3
HAT-P-24  2455216.97669   3.3552464   3.65  07 15 18.00  +14 15 45.1
HAT-P-25  2455176.85173   3.652836    2.82  03 13 44.48  +25 11 51.2
HAT-P-26  2455304.65122   4.234515    2.45  14 12 37.47  +04 03 38.9
HAT-P-27  2455186.01879   3.039586    1.69  14 51 04.26  +05 56 50.8
HAT-P-28  2455417.59832   3.257215    3.22  00 52 00.27  +34 43 42.9
HAT-P-29  2455197.5754    5.723186    3.38  02 12 31.44  +51 46 42.5
HAT-P-30  2455456.46561   2.810595    2.13  08 15 48.01  +05 50 12.1
HAT-P-31  2454320.8866    5.005425    5.13  18 06 09.16  +26 25 35.9
HAT-P-32  2454420.44637   2.150008    3.11  02 04 10.24  +46 41 16.8
HAT-P-33  2455110.92595   3.474474    4.42  07 32 44.24  +33 50 05.6
#
TRES-1    2453898.87342   3.0300737   2.50  19 04 10  +36 37 57
TRES-2    2453957.6358    2.470621    1.50  19 07 14  +49 18 59
TRES-3    2454185.9101    1.30619     1.29  17 52 07  +37 32 46
TRES-4    2454230.9053    3.553945    3.60  17 53 13  +37 12 42
#
QATAR-1   2455518.4102    1.420033    1.61  20 13 32  +65 09 43 
